# Reverse-Columns-in-Matrix---Skillrack
<h3 style="color:#003333">Reverse Columns In Matrix</h3>
<p>Given a square matrix of size N, reverse column values in the matrix and print the modified matrix as the output.</p>

<p><strong>Boundary Condition:</strong><br>
1&lt;= N &lt;= 100</p>

<p><strong>Input Format:</strong><br>
The first line contains N.<br>
The next N lines contain the elements of matrix.</p>

<p><strong>Output Format:</strong><br>
The first N lines of the output contain the given matrix with columns reversed.</p>

<p><strong>Example Input/Output 1:<br>
Input:</strong><br>
3<br>
1 2 3<br>
4 5 6<br>
7 8 9</p>

<p><strong>Output:</strong><br>
7 8 9<br>
4 5 6<br>
1 2 3</p>

<p><strong>Example Input/Output 2:<br>
Input:</strong><br>
5<br>
34 12 4565 34 674<br>
19 62 455 844 23<br>
764 316 23 235 123<br>
653 205 237 185 44<br>
71 89 232 345 823</p>

<p><strong>Output:</strong><br>
71 89 232 345 823<br>
653 205 237 185 44<br>
764 316 23 235 123<br>
19 62 455 844 23<br>
34 12 4565 34 674</p>
